2.127 -17.952
-0.306 2.0356
2.835 -27.039
2.817 -30.419
1.788 -3.1128
0.552 0.19621
-1.383 0.42129
-1.203 -1.4406
-1.086 1.3886
-0.879 -1.9582
1.443 -10.729
2.85 -25.703
-2.676 19.9
-0.621 -5.5473
0.201 -0.54808
2.469 -16.645
-1.251 -5.382
-0.501 4.9288
-1.539 -10.021
0.966 2.9768
0.798 4.3146
0.783 -13.115
0.648 7.2774
-2.919 25.757
-0.993 9.25
1.566 5.6467
-0.045 -0.84952
2.877 -27.406
0.399 3.1711
-1.557 0.34317
-1.791 0.48587
-2.505 12.625
-2.067 6.7409
-0.804 -11.817
1.524 -10.809
1.752 -12.693
2.313 -10.531
0.639 5.8384
0.708 -6.5757
-0.465 -6.3793
0.288 2.3181
-2.946 15.763
-1.458 0.65433
-1.758 -0.64386
2.55 -34.673
-0.03 -8.9654
-0.177 -4.7024
-0.921 12.49
2.928 -36.485
0.273 0.75187
1.419 -3.6807
-2.355 14.425
0.111 8.3989
-1.47 3.9683
2.694 -39.727
2.001 -11.062
0.336 17.135
-0.936 5.3184
1.209 -7.1327
-1.575 -1.3282
2.328 -14.991
1.905 -10.517
0.795 2.4742
-1.158 9.2578
-0.771 1.7233
2.223 -17.399
2.745 -25.628
0 -16.632
2.628 -25.184
0.072 3.8579
0.93 -8.277
-2.763 14.451
-2.046 14.09
-2.343 11.345
-0.228 3.8726
0.204 2.2854
2.634 -26.944
-1.74 9.333
-2.721 25.424
0.915 -10
0.495 -2.0898
2.457 -17.699
1.362 -7.9506
-1.341 -2.7858
2.607 -21.722
-0.753 -2.2249
-1.119 10.552
-1.698 2.4608
-2.829 13.55
1.86 -3.3778
0.99 5.868
-0.78 -5.0884
-2.382 13.397
0.264 7.4731
2.535 -16.491
-2.775 19.841
-2.553 11.061
2.277 -24.33
-1.197 5.6464
-0.564 4.6655
1.956 3.4263
2.094 -3.6173
2.427 -14.514
2.271 -13.77
-0.435 -1.1779
-0.006 -6.6783
1.506 -3.4298
-2.136 13.432
0.714 -7.5943
2.703 -12.109
1.95 -12.04
-0.039 -5.0778
1.374 -6.4455
0.462 -1.3082
-0.456 -5.7096
-1.401 -8.8633
-2.481 19.3
-0.267 9.7066
-0.612 6.0862
2.841 -21.258
0.045 -2.7317
-0.507 -1.7534
2.709 -21.155
0.9 4.0526
1.203 10.582
1.554 -5.3891
-0.84 0.90783
0.387 -1.7021
0.702 -0.63015
1.665 3.1143
1.446 -6.7365
1.749 -5.8319
-1.857 10.118
2.13 -14.51
-1.8 9.767
2.037 -12.993
-1.017 8.3736
-2.211 10.808
1.68 -4.4411
-2.091 17.404
-1.611 -5.1537
0.018 -1.2922
1.938 -4.4667
-1.35 5.0986
2.316 -21.322
1.134 2.4804
2.838 -25.226
1.677 -6.6996
-0.372 -14.067
-1.449 10.744
1.647 -8.8039
1.962 -9.9887
0.999 -1.1564
1.785 -8.1311
2.046 -15.36
0.39 3.0453
-2.013 5.0464
-2.925 14.6
-1.899 6.1579
0.606 -3.0625
-1.977 1.3443
-2.346 6.8627
2.982 -35.092
1.368 0.12578
0.135 5.7848
1.722 -11.654
-0.012 0.88641
0.855 -5.4657
0.66 1.3859
2.076 -7.9512
-0.696 -14.386
0.081 4.1128
2.421 -31.677
-2.139 8.8289
1.116 3.5616
-1.596 14.065
2.325 -20.783
1.023 2.3715
-1.095 -4.3577
-1.761 9.6355
0.486 3.6928
-1.527 3.7612
-1.326 5.2742
2.496 -24.047
-2.757 20.751
2.013 -16.518
-1.656 3.7003
1.776 -10.495
-0.657 2.6563
2.988 -38.088
-2.28 0.69706
-0.483 -2.417
-1.137 -2.1836
0.189 3.2853
1.278 2.7654
0.27 7.7707
0.174 6.5402
-2.478 15.61
-1.782 11.361
-2.613 16.696
-2.451 14.754
-2.424 4.4176
-2.445 25.306
-1.317 -1.2797
1.683 -8.8993
0.483 3.1514
2.283 -22.87
-1.701 5.5176
1.533 -14.026
-0.195 -2.73
0.456 -3.2317
2.7 -22.696
0.996 -8.2121
-0.648 -14.585
1.887 -15.387
0.477 0.65117
2.433 -12.522
-2.67 13.222
2.448 -23.072
-2.283 13.702
-0.258 3.9555
-1.044 -7.0069
1.275 -12.306
2.259 -13.171
2.724 -33.115
-2.802 24.876
0.753 3.4783
-0.996 10.312
-0.402 5.9971
-2.619 14.055
1.467 2.9228
-1.551 2.839
2.868 -33.027
2.715 -21.597
0.102 -8.96
0.912 -5.4088
-0.765 5.5398
2.727 -24.192
-2.292 -1.204
1.902 -13.487
-2.394 14.661
2.943 -35.764
0.027 16.866
2.43 -9.0779
-2.295 9.1014
1.431 -4.9433
-0.201 4.1484
2.079 -10.703
-1.311 -4.749
-1.812 0.95038
2.895 -36.489
0.63 1.7968
1.257 1.9844
-2.634 15.093
-2.652 6.7981
1.731 -11.2
2.184 -10.674
0.06 -1.6285
-2.547 -2.1295
1.623 -13.254
2.655 -22.856
-2.388 19.619
2.208 -15.459
-2.898 21.848
-1.116 -2.7837
0.975 -2.7278
0.381 13.513
-1.665 6.1043
0.18 -11.482
-1.461 2.4225
2.337 -16.8
2.544 -17.21
0.867 -4.9463
0.162 -5.1281
-1.23 -2.4148
1.494 1.0599
-2.055 8.8845
-2.484 16.375
2.193 -13.348
-2.745 15.869
-2.727 16.357
-0.885 -7.5754
0.048 6.1553
2.415 -17.311
2.247 -18.118
1.122 -1.1996
1.809 -9.2753
-2.493 16.296
-0.951 3.1795
-2.214 5.177
0.909 -0.73211
2.532 -32.577
1.11 1.0665
-0.189 -1.2467
0.234 0.31888
-1.59 3.7604
-1.404 8.1301
1.545 -12.762
-0.828 2.0936
-1.515 21.458
0.738 -1.4519
0.549 -1.5799
-0.396 0.43341
-2.622 23.048
0.963 -9.1724
-0.324 -5.3262
-1.728 6.5222
-1.257 -8.1811
2.028 -13.777
0.87 4.4144
-0.321 -3.4822
-0.342 -6.9076
-1.296 -4.4232
-0.87 1.147
1.917 -17.688
-1.863 3.2038
2.418 -9.5086
2.334 -21.412
-0.918 -6.5058
1.602 -13.585
1.593 -10.534
-1.68 -0.13185
1.8 -18.021
2.706 -31.716
-1.17 10.77
1.26 1.9879
-1.614 18.924
-2.166 8.844
-1.509 -2.2731
-1.032 9.9845
-1.713 10.385
-2.022 7.5063
1.02 -2.7104
2.853 -30.747
0.627 -3.9399
-2.688 25.539
1.821 -20.899
-1.224 -7.8132
-1.287 -4.2608
-0.453 0.523
-1.323 -4.5961
-0.768 -9.824
2.016 -11.417
1.539 -3.5734
0.522 0.46334
2.019 -19.129
2.232 -25.116
-1.719 11.544
1.476 -14.338
0.948 -13.512
-1.482 6.5094
-2.058 -2.6629
0.654 -4.4175
-2.364 -3.612
-0.681 0.19296
2.916 -38.986
-2.049 12.063
-0.186 -2.0556
1.182 0.47277
-2.313 7.9039
0.441 5.9768
2.361 -18.045
0.942 2.5218
-0.114 -1.7691
-2.835 25.314
-0.93 13.374
-1.008 10.73
2.472 -23.634
-2.997 15.945
-1.059 3.0511
2.961 -33.046
-0.702 -0.47473
-0.9 0.9108
-1.722 -2.6085
0.294 3.2443
2.499 -20.432
-1.107 -1.4448
-1.962 0.50926
0.645 6.3189
2.487 -18.669
2.649 -22.419
0.096 -1.7882
1.488 3.7888
2.382 -15.118
-1.08 9.0696
-2.34 12.948
0.669 -3.1353
1.515 -3.1848
-1.563 5.5053
0.147 0.0090702
2.07 -13.511
0.603 -2.767
1.263 -3.2281
-2.568 10.307
-0.33 -7.3024
-0.336 6.0255
-2.469 18.264
-0.57 4.4671
2.1 -12.827
-1.638 10.281
0.666 0.83366
1.83 -5.8631
-0.912 3.0752
1.221 -3.2924
1.911 -19.186
1.614 -15.34
0.636 8.4026
-1.785 3.6945
-1.05 -3.8149
2.322 -15.593
-0.303 -3.7462
-0.597 -6.9307
-2.199 11.235
1.197 -2.6247
2.793 -26.08
-0.69 -6.3697
0.921 -4.5726
-1.365 2.0873
-0.129 14.856
1.245 -9.7516
-2.439 15.589
1.293 -9.7287
-2.754 9.3426
0.237 1.6523
-2.466 4.4467
-2.472 12.464
1.224 -2.7145
2.736 -27.873
0.741 18.326
1.32 -7.8672
0.903 -0.47827
0.642 10.925
1.002 3.1369
2.922 -23.264
-2.607 7.7326
1.899 -12.215
0.993 3.607
1.596 -2.0295
-1.314 4.6955
-0.432 10.118
-2.592 11.104
2.376 -29.567
-2.271 13.06
1.149 4.4001
1.269 -4.4089
1.947 -14.201
-2.163 7.8631
0.435 -0.42464
-2.184 0.87775
-2.31 12.128
1.317 -4.8777
-1.944 8.6828
-0.477 13.946
-2.934 11.628
-0.579 -6.0381
-0.033 -5.2476
1.35 -4.7523
-2.805 9.7586
2.058 -18.81
1.548 5.2822
2.568 -27.324
-0.051 -3.6777
-2.799 10.305
0.297 1.7234
0.219 -7.7247
2.124 -19.046
0.009 -4.1011
1.077 0.62212
1.662 -7.6023
-1.293 3.9494
-1.902 2.9492
-1.803 14.407
-1.926 12.192
1.572 -15.138
-2.523 1.2197
-1.164 3.4189
2.775 -28.084
-2.061 0.92699
-2.877 19.489
0.12 -2.9432
1.89 -10.534
-2.274 18.318
1.806 -7.7166
2.919 -31.88
-2.859 17.279
-0.078 -8.2155
-2.886 14.708
-0.312 0.94405
0.225 -3.7437
-1.602 9.3774
-1.299 3.8154
-1.254 0.89029
0.213 10.396
2.88 -33.574
-2.421 3.0489
-2.145 -6.466
-0.795 -2.793
-0.504 6.4051
-1.02 7.7419
-2.514 12.887
-1.338 6.1339
-2.238 14.994
2.235 -27.918
-1.356 -5.7632
-2.841 34.447
-1.443 3.7285
-0.231 5.3567
-1.125 -5.7527
-0.75 6.6355
-2.571 18.054
-1.965 4.3813
-1.545 4.3624
0.684 2.1624
0.333 7.2841
0.846 3.6733
0.228 0.058293
0.396 -0.60054
-2.769 13.262
2.526 -19.303
-2.331 18.705
-1.098 6.5338
0.657 12.634
2.295 -16.861
-0.387 12.748
1.086 -9.7886
-2.748 21.343
1.047 12.368
-2.217 8.0044
-1.881 11.232
1.923 -15.048
1.527 3.1513
-1.911 11.499
-0.987 -4.4827
-2.601 25.025
1.164 -6.782
-1.788 8.017
-0.414 4.4029
-0.726 -6.5491
2.925 -43.035
0.321 -3.4225
1.668 -5.6332
-1.824 3.4498
1.479 -9.6981
0.582 2.0511
1.74 -7.9257
2.139 -13.555
-1.686 6.0063
-0.411 -9.4287
2.007 -12.042
-0.438 0.32046
-0.891 1.8186
-0.315 6.0377
1.074 -8.8939
2.874 -34.071
-0.957 11.114
0.618 -9.9328
2.493 -16.515
0.78 4.0387
1.176 2.0962
2.847 -28.634
2.367 -18.192
-1.629 3.685
-2.097 7.2917
-0.81 -5.533
-0.588 1.3717
-1.974 2.845
2.004 -22.953
0.141 6.7594
-1.386 4.7717
-0.678 -6.3427
-1.047 -2.8874
2.109 -19.916
0.732 -0.00079483
-1.929 1.3356
-2.298 11.3
-2.22 14.42
-1.083 4.5335
-0.345 -1.1507
-2.715 13.752
-2.007 7.0235
0.282 -0.64981
-1.329 -6.7627
2.643 -21.39
1.833 -0.93151
2.958 -31.676
2.181 -17.763
3 -40.768
0.954 9.1058
-0.111 -1.6666
-2.985 21.096
2.667 -22.183
1.473 -2.6947
1.839 -11.066
2.826 -20.867
0.804 -0.65852
2.763 -39.048
1.131 2.5511
2.625 -18.749
0.324 -3.5606
1.818 -11.698
2.364 -16.638
-0.669 5.0914
-1.941 6.3708
-1.875 4.4996
-0.39 -2.4184
1.284 -11.671
1.44 -9.9429
1.626 -8.6033
0.75 7.6012
-0.063 5.4759
0.801 -9.8191
-0.327 -0.65174
0.153 -4.0032
1.167 -6.045
-2.61 14.763
-1.593 2.3734
-1.755 8.1573
-1.062 3.5737
2.46 -13.911
1.797 0.55446
1.38 -4.0833
0.861 1.0404
-0.915 2.4604
0.534 3.5949
1.383 -10.763
-0.552 -9.0363
-1.485 7.0863
0.687 3.8526
2.424 -15.646
0.717 -3.1124
2.592 -35.796
0.108 5.8436
2.769 -34.956
0.459 8.9629
-0.546 -2.4477
2.385 -17.192
-2.133 11.084
2.967 -34.394
0.729 -1.7639
-2.826 12.07
-0.984 -2.191
1.125 -15.495
2.115 -11.283
-0.783 10.214
2.823 -44.228
2.256 -24.219
0.246 -1.2049
1.56 -7.9697
-1.905 12.334
0.378 4.9951
-2.901 26.434
2.145 -26.04
2.811 -25.38
-0.864 5.5669
2.01 -5.772
0.849 -2.2345
-1.305 -1.3423
-2.838 20.569
-1.554 -1.0126
0.453 1.7189
1.179 -2.6178
-2.682 24.779
-0.687 2.7487
2.784 -27.479
0.84 -0.47875
-2.151 15.494
-2.319 15.382
2.352 -8.7495
-0.942 6.1328
-2.577 13.88
0.984 0.34725
-1.431 4.7794
0.873 -6.7648
0.879 0.0065096
2.475 -24.658
-1.014 11.768
2.586 -14.5
-1.764 1.0279
0.771 -3.3944
-2.988 16.35
2.253 -21.754
-0.048 -3.3579
-0.48 4.3295
0.03 11.578
-1.95 5.9778
-0.363 -1.9445
1.452 -14.519
1.569 -12.833
-2.589 5.4435
-2.784 25.571
1.611 -3.618
2.205 -19.713
2.865 -36.63
0.078 2.3991
2.34 -16.876
2.4 -11.691
-2.844 20.633
2.034 -15.085
2.547 -32.801
1.191 -12.486
-1.332 1.3192
0.51 -4.1398
-0.519 8.4735
-0.276 0.098994
0.765 -7.166
-0.147 -0.96938
1.509 -3.3317
2.946 -35.19
-2.433 20.833
2.577 -22.473
-1.155 3.4024
1.227 -3.6318
-1.074 14.424
-2.349 12.166
-2.43 5.1836
-1.896 3.036
2.199 -18.229
1.944 -12.741
-1.806 6.0378
-2.808 23.221
-1.668 -6.817
2.298 -19.344
2.94 -35.337
-1.029 3.3893
0.186 6.778
-1.434 -3.5973
0.498 -0.14063
-0.087 2.1408
1.206 -1.5422
2.403 -1.4131
0.894 -2.7028
-0.516 -4.7498
0.156 -0.94328
-0.159 5.4068
-2.025 0.085253
-2.583 9.8617
2.748 -26.036
1.758 -13.891
0.699 4.0169
1.983 -5.2968
-0.24 -5.4041
2.964 -34.689
2.721 -21.259
1.584 -18.321
-2.73 12.522
-2.442 12.256
2.991 -37.56
1.089 2.8731
2.601 -28.551
-2.625 9.1754
-0.777 -0.96333
2.553 -22.271
-2.658 18.091
-1.179 10.419
2.268 -15.619
2.265 -20.688
-2.244 6.8843
-0.867 -9.5669
-0.819 -10.291
-0.399 0.26747
-1.377 6.546
1.344 -11.325
-1.773 -3.309
-1.626 8.7705
1.041 -7.3048
1.743 -7.3226
0.309 3.7595
-2.328 12.266
1.764 -0.55634
-2.736 13.318
1.653 -12.122
1.878 -16.14
-1.956 4.7034
2.436 -26.011
1.641 -3.9426
0.69 9.0871
-1.452 -2.8763
-0.927 1.3814
-0.939 -0.70892
-1.986 -3.6336
-1.635 6.7822
1.635 -14.242
-2.823 20.763
-0.585 1.1276
1.128 -9.1641
1.464 -10.534
2.904 -32.476
-1.935 28.743
2.304 -11.283
0.372 11.507
0.777 -6.5195
0.588 -1.583
0.939 -0.62739
-0.3 1.1096
0.351 -5.0181
1.425 9.6444
-2.202 3.2041
-2.847 25.048
-2.496 10.709
0.075 6.6535
2.388 -20.201
-0.183 4.3298
-2.079 9.2286
1.725 -2.0111
-0.213 2.3765
-0.843 0.044447
-1.026 1.3202
-1.347 2.9166
-2.952 20.982
-2.904 29.738
-1.827 9.1273
-2.604 19.36
-0.099 -5.2871
0.066 -4.9134
2.163 -17.874
1.719 -1.5322
2.997 -28.443
-2.526 15.726
2.565 -15.845
0.249 2.7647
-0.948 3.4566
-2.427 8.2468
-2.406 29.898
-1.209 9.7757
-0.954 -8.7705
0.051 -0.39094
-0.354 -4.8251
-2.502 12.199
-0.594 0.84193
-0.234 9.4466
-1.302 11.849
-2.016 16.675
1.2 -1.1175
-2.487 16.741
2.52 -24.352
0.012 3.2786
-1.476 9.9755
-1.425 8.6635
-2.256 12.739
2.052 -9.0616
-0.786 16.269
1.011 -8.0933
0.768 1.6804
2.172 -24.732
-1.524 -0.59838
-0.567 10.827
2.796 -14.767
1.308 2.4137
-1.53 11.635
0.96 -7.0036
1.854 -5.5858
0.525 4.5729
-2.811 14.231
2.751 -32.172
0.558 4.8816
1.299 -15.366
0.279 -1.6995
2.439 -25.026
-0.351 5.6822
2.229 -13.258
-1.662 -4.8125
2.76 -22.522
-2.538 13.458
0.468 -3.9947
-2.664 8.8358
1.686 -13.036
-1.998 -9.9728
1.503 -15.757
2.949 -35.333
-0.009 -11.764
0.15 1.3783
1.986 -6.9209
-0.339 6.0611
-2.796 15.098
-1.134 4.6335
0.834 -3.1526
-1.362 13.328
-2.376 14.354
1.254 13.866
1.659 -1.7875
-2.262 16.534
-1.584 7.4052
-2.391 10.371
-0.744 -0.33865
1.353 -3.6716
-1.908 2.4936
-1.749 3.2574
-1.206 1.0878
1.266 -3.361
-0.723 -4.848
1.893 -18.146
-1.308 0.2512
-0.417 -8.6235
-0.627 -0.28684
-0.636 6.2414
-1.623 -4.5477
1.872 -13.062
-1.89 8.2991
0.471 -5.5193
2.055 -18.336
0.663 8.3014
2.901 -30.516
-0.981 0.16653
-0.468 -5.4016
-1.98 10.858
-1.872 2.1698
0.723 -7.9867
-2.709 20.008
1.311 -4.6577
-2.865 29.341
-1.653 11.102
2.196 -17.91
-1.608 16.446
-0.558 -5.5199
0.318 1.4032
-0.738 0.3417
-0.816 -0.85196
0.117 5.1476
1.155 -17.623
0.756 -5.8567
0.21 2.3221
2.613 -35.419
-0.156 -4.718
-2.418 18.058
-0.246 9.4637
-2.031 13.738
1.302 -8.5783
1.896 -11.519
-1.233 -5.3625
-0.444 -4.0487
-2.982 19.323
1.977 -10.65
-2.718 11.075
2.187 -16.255
1.671 -6.0136
1.599 -12.851
2.673 -20.168
-0.297 -2.0493
1.146 -7.1716
2.394 -24.166
2.226 -30.354
-1.983 7.2301
-2.115 15.503
-1.185 1.4241
-1.644 1.7881
1.746 3.7518
1.053 -0.57123
-0.774 3.0775
0.858 0.41734
1.59 -16.041
-1.506 -8.1685
-1.101 5.0509
0.726 -16.017
2.502 -10.223
-1.518 5.4097
2.79 -31.514
-2.325 5.4008
2.871 -45.701
0.897 -4.9013
1.185 0.037701
1.497 -7.9746
2.349 -16.864
-2.991 17.641
2.886 -18.028
0.366 -4.7049
0.267 10.793
-1.242 -7.9976
-0.357 0.31961
-2.241 13.06
-1.716 1.9234
-0.6 9.3282
-1.278 11.174
2.562 -24.754
1.386 2.9883
-0.135 3.9895
-0.12 -1.5346
0.789 1.0877
0.888 -3.6999
-2.868 17.957
0.402 4.7165
-0.498 11.446
2.244 -14.555
1.092 -6.6517
-0.51 3.4164
-1.035 4.3435
-1.398 -4.0037
-1.128 -3.1464
0.09 5.3959
2.781 -22.771
-2.751 5.514
-1.44 9.0889
0.426 2.7671
-0.171 0.76013
-2.85 17.595
-0.906 -0.36527
-1.797 -1.6596
0.006 0.15663
-0.486 -1.681
1.026 5.1994
-0.492 -7.5829
1.029 -13.931
0.567 2.9103
-0.054 -3.5507
1.536 0.59417
0.165 -3.25
2.619 -17.821
1.287 -3.8881
1.803 -8.4547
2.118 -16.066
-2.367 11.447
-0.318 6.4764
0.678 -4.5762
-0.714 5.047
-0.543 5.9235
2.799 -30.675
-1.092 -0.20283
-2.628 15.77
0.492 -3.4733
-1.272 6.7517
-2.559 14.944
2.622 -25.774
0.747 4.2246
2.712 -16.856
0.429 -8.35
0.243 -1.0276
-2.91 16.303
-0.075 -1.5189
1.692 -7.488
-1.992 5.2686
-0.945 8.7868
-0.027 -4.8511
-2.943 9.7497
-2.403 18.852
1.866 -15.285
-2.154 7.1006
1.782 -3.9829
-1.275 1.0323
-2.49 10.22
-2.448 11.536
0.501 2.6837
0.057 8.793
0.543 -9.0259
1.734 -5.5057
0.705 -8.1508
-2.964 24.709
-0.606 -3.1439
-1.572 1.5037
-2.766 19.555
0.231 -4.9567
1.104 -2.9184
0.42 0.069395
-1.266 5.1028
1.71 -17.611
-2.511 6.0028
-0.024 15.526
2.406 -23.213
-1.041 3.9263
1.389 -8.2463
2.202 -21.445
1.377 -1.3523
1.77 -18.015
-1.866 3.5516
-0.36 0.51536
2.985 -26.006
2.808 -23.139
0.207 4.7278
1.581 -4.5974
-1.281 1.216
-0.762 8.2606
-0.708 1.5286
2.31 -18.102
-2.976 19.439
-1.389 11.639
-1.182 4.1516
-0.369 0.32159
0.528 -0.67365
-0.747 0.99116
-2.277 7.7633
1.173 -14.212
-0.06 -3.7879
2.49 -27.114
0.393 -2.0869
0.3 1.0895
1.941 -19.411
-1.344 -2.8165
-0.99 -0.38312
0.438 4.9989
0.813 -4.2271
-0.18 0.27299
0.807 2.3453
0.681 -1.5707
2.103 -5.8189
0.375 6.8789
0.927 -12.39
-1.41 10.112
2.031 -23.824
0.024 -5.996
-0.684 4.481
-2.892 25.601
-1.659 9.6865
0.474 -3.3219
-1.392 0.065357
0.672 -5.0351
-2.637 19.995
2.658 -27.632
-1.923 7.1432
0.33 -5.122
-1.32 9.5982
1.398 -4.7615
2.082 -3.9681
-2.556 12.843
1.215 2.4984
2.217 -19.372
-2.787 7.102
-1.188 2.3604
0.252 9.8208
-0.015 -4.6562
-1.218 13.73
1.212 -3.454
0.57 0.3314
-1.488 11.734
1.371 1.3354
-0.825 -1.1238
1.017 0.032554
-2.076 0.7472
-2.193 23.569
1.161 -2.8633
2.112 -20.112
2.556 -20.474
2.802 -28.412
-2.94 34.123
-1.599 4.8555
0.615 0.87555
1.323 -2.221
0.924 9.3507
-1.989 13.117
-1.428 -0.027605
2.778 -26.229
0.327 3.1138
-0.66 1.0353
-0.489 11.364
1.248 -7.3296
-2.118 2.0345
-0.144 2.6381
2.661 -27.028
-0.264 2.321
1.674 0.97597
-2.598 17.237
-0.141 -2.5209
-2.205 5.8217
0.675 -1.4251
-0.084 2.8263
0.918 3.7182
0.177 -3.8257
0.054 -2.4877
-2.169 7.6865
0.423 3.8274
2.67 -24.513
-0.222 4.8916
-1.335 -4.7357
0.384 1.9169
1.557 -5.2644
0.585 2.7487
-0.651 -5.5477
-2.19 1.6261
-2.967 23.539
1.326 -4.4597
1.551 -4.9589
-1.176 7.6738
-0.837 -2.2059
-0.168 -0.49705
0.042 -4.1249
-1.542 -1.5527
-0.711 3.8473
-1.581 -1.3262
-0.471 -3.8995
-2.544 14.323
0.285 9.9331
-1.14 7.0374
-0.081 -4.6388
-0.225 0.28869
-2.631 8.8066
1.968 -6.2304
0.099 8.817
-0.924 3.5411
-1.146 8.8019
-2.085 10.175
2.073 -18.051
-2.259 8.4212
-1.089 3.4883
1.068 0.57836
-2.874 25.026
-1.779 5.0097
-1.794 7.2205
-0.798 9.7857
-2.694 14.824
-0.933 11.48
2.595 -25.934
-1.467 0.9358
-1.947 6.0764
-2.178 -3.5222
-0.378 2.9431
-2.541 17.531
-0.537 -7.4507
1.044 3.3256
2.589 -31.207
-2.574 15.366
1.23 -6.1778
-1.2 -6.0164
-1.269 -3.3583
2.358 -29.632
2.307 -14.96
-0.174 9.8777
-0.966 0.79969
0.504 -0.36052
-1.731 3.0993
-1.995 8.6522
0.969 -0.057577
2.286 -15.663
-2.235 9.231
1.458 -8.2608
1.704 -3.8928
2.211 -14.712
0.198 3.9779
-2.187 8.8237
1.314 4.8742
2.412 -16.133
2.883 -30.604
-1.359 -5.3289
1.881 -8.502
1.842 -8.6776
-2.922 21.231
0.258 10.563
1.071 -9.7732
-0.633 3.497
1.689 -10.59
1.194 -4.3504
2.898 -24.864
1.998 -1.7649
0.159 3.1878
-2.385 15.77
-1.473 14.425
1.773 -6.0453
-1.491 -0.062871
2.733 -37.409
-2.37 5.1545
2.766 -35.257
0.519 -4.0581
0.81 -1.1604
1.062 -6.123
1.698 -10.479
-2.352 6.3691
1.428 -3.1388
-0.975 -2.6512
-1.971 5.2755
1.713 -8.9229
0.735 -3.0426
1.695 -10.072
2.913 -24.021
-2.916 16.968
-1.422 1.0672
-0.549 -8.9943
1.728 -7.6153
-0.018 0.58837
2.262 -16.465
-0.852 5.3771
-1.917 3.3774
-1.161 0.68621
-1.038 3.0099
-2.457 11.954
2.067 -6.1386
-2.001 8.1563
-0.834 -2.9364
-0.882 -6.6065
-2.697 18.175
-0.618 6.5357
1.482 -4.6067
-0.576 -1.5284
-2.265 -3.1195
-0.729 1.1653
0.342 2.4632
-1.695 7.7919
-2.052 6.1856
2.049 -23.608
-2.415 11.186
-0.807 7.426
1.08 -2.8364
2.508 -15.688
-1.605 3.9602
2.517 -17.755
2.529 -31.294
-0.861 2.833
-0.873 -6.0298
2.952 -29.905
-0.54 -4.1998
-2.088 10.149
1.281 -6.6926
-1.494 -7.8889
-1.587 3.0237
-2.517 17.171
-1.86 11.487
0.195 -2.1248
-0.672 8.8929
2.478 -16.328
2.934 -31.194
1.884 -10.845
-1.065 8.8735
-1.734 6.0268
1.392 -17.527
1.824 -8.4556
-0.069 3.8597
-0.666 -0.87645
-2.64 15.082
2.04 -0.70006
0.507 -2.9468
-0.756 4.4954
-1.419 -2.8737
-2.337 7.909
2.664 -36.93
-0.132 -0.1504
-1.959 7.1697
1.632 -13.742
0.261 -2.7043
0.837 1.6499
2.742 -29.836
1.638 -10.859
-1.683 -3.6693
-2.742 19.294
0.945 10.665
-0.42 -1.389
1.056 6.5587
0.573 6.9069
2.937 -26.982
-0.876 -4.6521
-0.963 8.666
-0.888 -11.697
0.774 0.27561
-1.707 4.2808
-2.781 16.402
-1.893 6.0594
2.106 -10.932
1.926 -10.013
0.561 5.7302
-0.072 -0.64172
-2.148 6.75
1.755 0.80887
2.505 -23.793
-0.036 -3.8304
-0.624 -8.9631
-0.513 -3.9821
-2.475 23.191
1.305 -2.3545
2.859 -27.59
2.463 -9.576
-2.955 10.487
2.454 -33.702
-0.615 -0.77728
1.92 -20.864
0.408 -0.18252
-1.503 -1.2051
-2.928 18.488
-1.62 0.98697
-2.301 6.2249
-0.999 -1.9487
-2.334 1.6257
-0.429 1.152
-0.675 7.4024
1.617 -4.4189
-2.973 23.037
0.489 -3.6427
0.192 -2.8121
1.251 -4.1947
-1.002 10.144
-0.003 1.754
-1.632 8.5897
-1.215 10.951
0.822 1.244
-2.82 9.0234
2.331 -23.376
-0.291 5.2933
0.882 -1.5999
2.571 -29.292
-1.671 9.9433
1.416 -5.9257
-1.56 12.441
0.957 -11.414
-1.071 1.2081
-0.219 3.9017
-0.348 5.2572
-0.63 2.7104
0.348 -4.3493
1.422 -19.32
-0.972 10.607
-2.532 2.591
-1.122 0.70468
1.239 -4.9641
-1.011 7.5527
0.444 -2.0526
0.621 -8.2251
2.445 -19.433
0.972 -6.8416
-2.463 11.914
-0.831 -10.731
-0.732 -0.56347
-1.887 5.2166
0.594 0.32196
2.19 -12.743
-2.121 2.4264
2.856 -39.079
1.242 -5.7732
2.238 -12.072
-2.679 11.542
-0.561 -6.8444
-1.845 3.5803
0.138 3.1877
2.064 -17.674
-1.704 13.401
-2.16 2.8486
2.697 -33.857
2.088 -11.801
-1.71 9.3108
2.616 -25.57
2.241 -20.115
1.272 -7.0746
-0.285 -0.17096
-0.108 1.6012
0.591 4.4513
1.218 0.55892
2.154 -9.8912
-0.639 12.332
-2.994 16.124
-2.1 0.25681
-1.647 12.768
-1.446 2.2646
1.707 -10.179
-2.793 17.571
2.757 -35.921
-2.535 15.659
0.432 16.434
1.455 0.39623
-1.932 12.693
2.637 -25.199
-1.11 -4.4025
-2.157 9.9433
-2.739 15.096
0.015 -2.4955
0.597 6.1304
2.133 -13.148
2.484 -22.947
0.216 2.6175
0.72 -3.4965
-1.284 8.7746
0.816 -14.614
-0.462 6.1111
1.107 -1.1089
-2.112 2.5144
0.345 12.243
-0.279 0.88719
0.891 -1.6473
-2.181 3.5139
-2.856 26.912
1.971 -10.034
-0.366 6.3488
0.183 5.978
-2.661 21.9
1.863 -7.6542
-1.245 5.4336
0.576 -4.9118
-0.894 7.7109
-0.72 5.735
-2.817 13.238
-1.263 3.802
-2.25 12.109
0.45 -4.8495
-1.776 8.3157
-1.953 -0.034946
-1.497 1.4452
-0.093 -0.85678
-2.253 11.941
2.022 -23.334
-1.5 8.0097
2.178 -16.141
-2.106 -6.9496
-2.4 16.141
0.624 0.089216
2.832 -27.086
0.084 0.82767
-2.673 18.786
-2.724 23.282
2.442 -25.905
-0.294 4.2932
2.994 -31.798
1.932 -15.438
1.113 1.3638
0.222 -0.27147
-0.405 4.9909
2.22 -19.754
-2.961 15.34
2.148 -17.049
-2.109 12.668
